visa
4556281362582963
4716535096162054
4532451826557732
4916903649972338
4485359896208556
4532003455253552
4916030351476173
4532105850956653
4929017079910505
4556038138079595
4556686433703432
4963231318269196
4024007194735493
4539359005102399
4556788565341328
4539104876216690
4539700070360588
4485303035503196
4929883169978227
4532018894174458

mastercard
5357626473743383
5250314302259685
5186000678987673
5445568138824915
5160239024965575
5437779397509580
5479552247893572
5420404894729701
5241589327525028
5381003484706801
5262558812985439
5546509170650485
5238796088177817
5170912433043865
5197948324208026
5451829375226003
5256776956791136
5431696201238501
5307742795334552
5338778648133604

discover
6011349150627854
6011832942704164
6011152523564428
6011876878712352
6011193135202932
6011811397322862
6011282060525068
6011555767328989
6011029097135779
6011151800299757
6011706479426286
6011474354413164
6011406006082369
6011916979585883
6011664485002841
6011839999768133
6011963169231837
6011528777790027
6011724799146583
6011551502687797

amex
373387747032126
373461979500512
370095076248790
344519207504030
347865408742946
343491517589849
378765542862729
345155200299952
370769554649360
348699454304783
377768801096907
376013526559603
376887920032089
375501188717585
373260242696614
345334730937122
349616551559308
343196327620037
348327595186758
377684713823082
