1919
1924
1928
1995
1948
2062
2004
2015
2090
2049
1989
1976
2082
2020
2051
1992
2032
2027
2098
2037
2038
1982
2003
1910
1966
2092
1952
1906
1957
1990
2022
1902
2055
2017
2053
1964
2011
1938
2002
1973
2000
1959
1918
2006
2024
1919
1997
2083
1919
1919
2076
1915
1915
1982
2015
1943
1939
2040
2067
1938
2057
1905
2033
2031
1952
1940
1951
2003
1900
2054
1909
2067
1921
2077
2013
2091
2033
2090
2086
1989
2009
1938
2007
2087
2053
1903
2002
1958
1979
2055
2095
1908
1957
2012
2062
2089
1985
2072
1982
2034
2085
1974
2091
2027
2013
2089
1983
2047
2012
1980
1914
1988
2024
2051
2011
2023
2078
1948
1928
2061
1905
2074
1966
2089
1992
2039
2090
2024
2014
2085
2086
2057
2046
1988
1927
1924
1955
1980
1985
2041
1940
2015
2045
1925
1938
1904
2032
1939
2035
2008
1902
1902
1941
1980
1969
1953
2093
1925
2057
1904
2065
2060
2094
1928
2011
2028
2092
2023
1968
1927
1942
2045
2092
1956
1984
1925
1901
1925
1960
1925
2009
2015
2094
1974
1981
1914
2051
1912
2063
2012
1972
2081
1979
2064
2066
1936
1913
1962
2063
1982
1978
2005
2017
2049
2043
2076
1943
1979
2061
1952
2056
2029
2053
2092
1945
1909
1962
1971
1906
2045
1922
1931
2088
2072
2047
2013
2060
1979
1932
1926
2055
1987
1982
2020
2014
2040
2073
2019
2090
1949
2056
1937
2070
1963
1901
2066
1948
2055
1975
2008
2079
1911
1986
1991
2086
1943
2025
2016
1932
1929
2018
1968
2022
2072
1951
2024
2017
1992
2088
2058
2059
2075
2081
2058
2075
2019
2036
1982
1911
2043
1911
2009
2042
1935
1951
1911
2019
2059
1912
2018
2054
1927
2058
2098
2038
1993
2044
2041
1972
2030
2006
2095
2042
1991
2053
1966
1965
2012
2018
1967
2082
2021
1916
1941
1977
1951
1978
1911
1907
2064
2037
1922
2079
1990
2025
1924
2063
1988
1940
1904
2045
2040
1943
2007
2085
2091
2000
2026
1980
2075
2049
2013
2002
2083
2056
1944
1918
1967
1953
2081
1921
1934
2011
2017
2052
1989
1992
1901
1910
1933
1997
1994
2081
2061
1923
2057
2051
2016
1944
2018
1997
2077
2053
2090
2081
1946
1962
1964
2054
1943
1958
1960
1917
2031
2038
2072
2001
1973
2049
1926
1932
1919
2029
2039
2084
1947
2096
1952
2019
2060
1940
1978
1919
1984
2090
2058
2097
1992
1914
1949
1967
2036
2075
2057
2051
2042
2005
2047
1963
1973
2033
2098
1902
1912
1967
1985
2036
2022
2022
1961
2081
2093
1930
2017
2042
2091
2010
2098
2009
1973
2073
1997
2029
2010
1964
2083
2052
2077
1981
2020
2035
1923
2027
1975
2091
1959
1948
2033
1980
1922
2082
2059
2063
2031
1924
2018
2083
1916
2091
2065
2031
1979
2014
2035
2032
2058
1914
1904
2079
1975
2071
1949
1926
1994
1986
2062
2044
2033
2090
1956
2036
2093
2029
2082
2076
1934
2012
2033
1994
2018
2080
2003
1913
2052
1980
1906
1951
2035
1916
2019
2027
2061
2026
2003
2098
2059
1963
2002
1975
1902
2011
2048
1990
2049
1966
1902
2079
2059
2073
2097
1916
1955
2007
1953
2060
1971
2075
1923
1986
2072
1924
2019
1975
2024
2042
2055
2041
1957
1913
2056
1936
2056
1916
2030
2082
2010
1935
2020
2049
1921
1914
1974
2023
2065
2090
1902
2055
1943
1916
1948
2004
2064
1923
1969
2085
2046
1926
1920
1952
1974
1937
1971
2097
2056
2051
1905
2048
2007
2024
1918
1908
1984
2087
2052
2045
1945
2054
2094
2090
1956
2094
2012
1981
2045
1989
2075
2045
2093
1932
2020
1952
2069
1927
2074
2002
1979
1959
2098
2041
1942
2066
2090
1968
2030
2096
2046
2067
2058
2091
1995
1936
1939
1942
2003
2057
2028
2048
2027
2079
1976
2072
2041
2057
2044
1910
2009
2027
1916
2068
2070
2089
2064
1983
1993
2096
1925
1901
2076
2010
2068
1932
2041
1912
1977
2092
2033
1994
2005
2085
2096
1962
1913
1997
1914
1976
1929
1993
2056
2043
2048
2077
2043
2041
2093
1906
1961
1976
2017
2035
1982
1999
2056
1907
1997
2082
1946
1963
1950
1955
1995
2061
1938
2037
1973
1911
1936
2048
1975
1923
2096
2072
1990
1967
1939
2014
1944
1905
1926
1914
1992
1993
2015
2036
2029
1965
1907
2042
1911
2067
1901
2054
2027
1917
2056
2063
1930
1931
2085
1934
1994
2080
2017
2016
1994
1943
2058
2039
1933
2056
2062
1923
2094
1919
1979
2095
1975
1980
1919
2016
2017
1921
1981
2074
1907
2078
2016
1921
1965
2000
1940
1950
2084
2029
2000
2039
1998
1941
1962
1919
1903
1974
1998
2052
2076
1945
2055
2076
1994
1961
2012
2086
2077
2084
2042
2029
1947
2080
1945
1948
1902
2038
1957
2047
1948
2005
2089
1977
2010
1958
2051
2055
1962
2003
2020
2022
2061
1956
1971
2067
1953
2012
2065
2091
2034
1992
1915
1971
1968
2049
2062
1994
2030
1976
1990
1902
1973
1947
1960
2055
2057
2061
2087
1937
1977
2048
2063
1957
2089
1904
2021
2093
2072
1942
1921
2031
2019
1976
2074
1955
2002
1955
1932
1932
1972
2017
2084
1927
1920
2050
2016
1903
2067
1937
1988
2053
1925
2032
1970
1989
1915
2085
1994
2054
2094
2059
1952
2050
1966
1963
2029
2067
2042
1905
1971
1909
2059
2000
1924
1912
2094
1965
2058
2027
2066
1920
2047
2002
2024
2034
1937
1994
2062
1922
1942
2019
1992
1978
1934
1903
2050
2004
2071
1987
1943
1938
2068
2024
1919
1963
1958
1924
1993
2058
1965
1925
1919
1962
1975
2029
1926
1906
2023
2001
1989
1942
2056
2024
1911
1920
2043
1968
1975
2066
1911
2093
2066
2067
2073
2013
2083
2041
1910
1901
2089
1933
1930
2074
1980
2027
2004
2047
1928
1935
1939
2054
2050
1988
1997
1914
2094
2022
2008
2003
2007
2032
2025
2070
1971
1910
1976
1975
2068
2004
2016
2026
2033
2021
1960
2053
2032